3.5624971 0.46110433 3.6832879
0.53814483 1.4253145 0.22931965
4.4717941 0.62159729 2.1009264
4.8353486 0.64985162 3.7944441
6.1529641 1.7040988 4.4683223
1.1812401 1.5829434 4.3326278
4.8647037 0.49606973 3.1101921
5.3913317 0.81134427 3.3388371
2.5610201 1.0473882 2.4884639
2.5214841 0.97785538 4.6421947
4.5073771 2.6100695 0.039626587
0.88428438 1.3848211 2.408972
2.5776448 1.5052866 4.5933595
2.5847077 1.1598723 5.6613941
0.26034778 0.91551673 2.1507232
5.4359069 1.1750716 2.4404309
3.8958693 2.0899913 0.24559438
3.7109616 0.8433243 3.0772252
0.40811554 1.7064667 1.3062335
3.8433421 1.2256861 2.2402856
1.7147138 2.2255261 5.0238323
2.7332165 2.6839652 5.430944
2.7895312 2.380265 1.0193589
4.183219 2.4755299 1.6716874
1.0975372 1.6704491 3.7834332
2.7745044 2.3129497 3.6085808
1.6479744 2.0097449 2.3827698
0.82575834 2.3120985 2.016679
2.6497009 0.82975966 2.7234707
4.190856 2.4008904 5.3758683
3.9442518 1.1050853 2.1050484
5.0846987 1.8078697 2.5696657
2.9986575 1.1139709 0.64459544
1.6927249 1.5220748 4.8340549
0.058133271 0.91183543 4.1355538
4.743629 0.49681091 0.029418277
1.9065369 2.354919 4.167573
1.4459231 1.7380483 0.68484741
4.6429763 1.6451015 1.6746604
5.2292352 1.2634747 1.8315042
5.2496009 0.90009499 3.3765628
5.4807777 1.5713378 0.88508195
0.39764547 0.95500571 5.8764834
4.1385427 1.8447981 5.7193637
1.3386654 1.0851002 0.28564519
4.93397 1.2377491 0.14047734
5.3206291 2.4302037 0.7856825
1.7815182 1.3361689 1.3799933
2.8010101 0.6751588 5.6352444
1.5120552 0.80354309 0.52677983
0.66820252 1.3227881 4.3001742
3.2668486 1.2402692 5.7860203
2.7682343 1.96909 3.2768557
4.2413807 2.407886 2.2777703
1.3451836 1.2016804 3.6209185
2.6850519 1.9340451 4.8222356
1.9830368 1.0862803 5.4698133
0.44475153 1.463773 4.9368963
1.9139576 2.1788368 1.2239827
3.6087716 1.5344405 3.975877
3.4960468 2.2779591 5.7194891
4.6074533 1.7228132 5.9192128
2.6187844 0.92172205 2.84024
5.1732574 1.4193302 0.069998793
5.2319913 1.3389182 0.74425787
1.7730372 0.82027125 0.83226216
2.6250923 0.67013353 2.6888704
0.81526536 1.9704198 0.96524835
4.056324 2.468365 4.9710064
4.7551594 2.3345177 2.4378333
1.670076 2.2094939 0.43566668
5.2901464 0.47147161 0.47065362
1.5188926 2.3711429 1.1976655
4.904829 0.76278621 3.3239682
2.4213128 0.92456168 0.41715842
0.39859593 1.843222 2.288476
1.2867854 1.6509749 4.5570688
1.2611989 0.90667641 5.339314
0.23860897 1.3400013 6.0265927
3.0788798 0.7058413 1.60394
5.7488513 0.65964651 5.9707007
3.5759649 1.9657066 5.6659842
3.2668486 1.2402692 5.7860203
1.7576007 1.6338472 5.9207101
3.0505133 2.1799796 0.033295959
1.1831732 0.18190774 4.3333597
0.31513786 0.85708535 5.4754725
4.5756388 1.1101502 0.63458306
3.805301 1.6609269 4.9188824
1.1704969 1.8897293 5.1654496
0.71147978 1.0843375 5.6300693
1.1176467 0.79326481 1.0973271
4.153625 2.0786004 5.2401686
4.9245481 0.9057731 5.2848711
3.4549041 0.41028863 2.4851394
5.2574 1.3011901 3.4262624
1.421917 0.95459735 2.056812
0.52982098 1.020295 4.1304727
5.9889688 0.61928302 3.1225777
0.65573823 1.8300984 1.0761687
5.4872303 2.1877725 4.1711507
