3.5625 0.4611 3.6833 0.4715 1.0000 -1.0000 1.0000 0.0000 -0.7071 -0.7071
0.5381 1.4253 0.2293 0.4698 1.0000 1.0000 1.0000 0.7071 -0.7071 0.0000
4.4718 0.6216 2.1009 0.4769 -1.0000 -1.0000 1.0000 -0.7071 0.7071 0.0000
4.8353 0.6499 3.7944 0.2942 1.0000 -1.0000 1.0000 0.0000 -0.7071 -0.7071
6.1530 1.7041 4.4683 0.4741 -1.0000 1.0000 1.0000 0.0000 0.7071 -0.7071
1.1812 1.5829 4.3326 0.4931 1.0000 1.0000 1.0000 -0.7071 0.0000 0.7071
4.8647 0.4961 3.1102 0.4969 -1.0000 1.0000 1.0000 -0.7071 -0.7071 0.0000
5.3913 0.8113 3.3388 0.4048 1.0000 -1.0000 1.0000 0.7071 0.7071 0.0000
2.5610 1.0474 2.4885 0.3668 -1.0000 -1.0000 1.0000 0.0000 -0.7071 -0.7071
2.5215 0.9779 4.6422 0.4251 -1.0000 -1.0000 1.0000 -0.7071 0.7071 0.0000
4.5074 2.6101 0.0396 0.4791 -1.0000 1.0000 1.0000 -0.7071 -0.7071 0.0000
0.8843 1.3848 2.4090 0.4441 -1.0000 1.0000 1.0000 0.0000 0.7071 -0.7071
2.5776 1.5053 4.5934 0.4884 -1.0000 -1.0000 1.0000 -0.7071 0.7071 0.0000
2.5847 1.1599 5.6614 0.3516 1.0000 1.0000 1.0000 0.0000 0.7071 -0.7071
0.2603 0.9155 2.1507 0.4459 1.0000 1.0000 1.0000 0.0000 0.7071 -0.7071
5.4359 1.1751 2.4404 0.4210 -1.0000 1.0000 1.0000 0.7071 0.0000 0.7071
3.8959 2.0900 0.2456 0.4736 1.0000 -1.0000 1.0000 0.7071 0.7071 0.0000
3.7110 0.8433 3.0772 0.4587 -1.0000 -1.0000 1.0000 -0.7071 0.7071 0.0000
0.4081 1.7065 1.3062 0.4624 -1.0000 -1.0000 1.0000 -0.7071 0.7071 0.0000
3.8433 1.2257 2.2403 0.3572 -1.0000 1.0000 1.0000 -0.7071 -0.7071 0.0000
1.7147 2.2255 5.0238 0.4607 -1.0000 -1.0000 1.0000 0.0000 -0.7071 -0.7071
2.7332 2.6840 5.4309 0.4933 1.0000 1.0000 1.0000 -0.7071 0.0000 0.7071
2.7895 2.3803 1.0194 0.4634 1.0000 -1.0000 1.0000 0.0000 -0.7071 -0.7071
4.1832 2.4755 1.6717 0.3127 -1.0000 1.0000 1.0000 0.7071 0.0000 0.7071
1.0975 1.6704 3.7834 0.4892 -1.0000 -1.0000 1.0000 0.0000 -0.7071 -0.7071
2.7745 2.3129 3.6086 0.4426 -1.0000 1.0000 1.0000 0.7071 0.0000 0.7071
1.6480 2.0097 2.3828 0.4702 1.0000 1.0000 1.0000 0.0000 0.7071 -0.7071
0.8258 2.3121 2.0167 0.4857 -1.0000 -1.0000 1.0000 -0.7071 0.7071 0.0000
2.6497 0.8298 2.7235 0.4086 -1.0000 -1.0000 1.0000 0.7071 0.0000 0.7071
4.1909 2.4009 5.3759 0.4717 1.0000 1.0000 1.0000 0.7071 -0.7071 0.0000
3.9443 1.1051 2.1050 0.3694 -1.0000 1.0000 1.0000 0.0000 0.7071 -0.7071
5.0847 1.8079 2.5697 0.4937 1.0000 -1.0000 1.0000 0.0000 -0.7071 -0.7071
2.9987 1.1140 0.6446 0.4866 1.0000 -1.0000 1.0000 -0.7071 0.0000 0.7071
1.6927 1.5221 4.8341 0.4538 -1.0000 -1.0000 1.0000 0.7071 0.0000 0.7071
0.0581 0.9118 4.1356 0.4879 1.0000 -1.0000 1.0000 0.0000 -0.7071 -0.7071
4.7436 0.4968 0.0294 0.4947 1.0000 -1.0000 1.0000 0.7071 0.7071 0.0000
1.9065 2.3549 4.1676 0.3908 1.0000 -1.0000 1.0000 -0.7071 0.0000 0.7071
1.4459 1.7380 0.6848 0.4741 1.0000 -1.0000 1.0000 0.0000 -0.7071 -0.7071
4.6430 1.6451 1.6747 0.4355 -1.0000 -1.0000 1.0000 0.7071 0.0000 0.7071
5.2292 1.2635 1.8315 0.4864 1.0000 1.0000 1.0000 -0.7071 0.0000 0.7071
5.2496 0.9001 3.3766 0.3921 1.0000 -1.0000 1.0000 0.0000 -0.7071 -0.7071
5.4808 1.5713 0.8851 0.3867 1.0000 1.0000 1.0000 -0.7071 0.0000 0.7071
0.3976 0.9550 5.8765 0.4880 1.0000 -1.0000 1.0000 0.7071 0.7071 0.0000
4.1385 1.8448 5.7194 0.4460 -1.0000 1.0000 1.0000 0.7071 0.0000 0.7071
1.3387 1.0851 0.2856 0.4938 -1.0000 -1.0000 1.0000 0.7071 0.0000 0.7071
4.9340 1.2377 0.1405 0.4567 1.0000 -1.0000 1.0000 -0.7071 0.0000 0.7071
5.3206 2.4302 0.7857 0.4823 -1.0000 1.0000 1.0000 -0.7071 -0.7071 0.0000
1.7815 1.3362 1.3800 0.4780 -1.0000 -1.0000 1.0000 0.0000 -0.7071 -0.7071
2.8010 0.6752 5.6352 0.4676 1.0000 1.0000 1.0000 0.0000 0.7071 -0.7071
1.5121 0.8035 0.5268 0.4354 1.0000 -1.0000 1.0000 -0.7071 0.0000 0.7071
0.6682 1.3228 4.3002 0.4702 1.0000 1.0000 1.0000 0.7071 -0.7071 0.0000
3.2668 1.2403 5.7860 0.4990 -1.0000 -1.0000 1.0000 0.7071 0.0000 0.7071
2.7682 1.9691 3.2769 0.4649 1.0000 1.0000 1.0000 0.7071 -0.7071 0.0000
4.2414 2.4079 2.2778 0.4670 -1.0000 -1.0000 1.0000 -0.7071 0.7071 0.0000
1.3452 1.2017 3.6209 0.4970 1.0000 1.0000 1.0000 -0.7071 0.0000 0.7071
2.6851 1.9340 4.8222 0.4762 1.0000 -1.0000 1.0000 0.7071 0.7071 0.0000
1.9830 1.0863 5.4698 0.4696 -1.0000 -1.0000 1.0000 0.7071 0.0000 0.7071
0.4448 1.4638 4.9369 0.4790 -1.0000 1.0000 1.0000 -0.7071 -0.7071 0.0000
1.9140 2.1788 1.2240 0.4187 -1.0000 1.0000 1.0000 0.7071 0.0000 0.7071
3.6088 1.5344 3.9759 0.3712 1.0000 -1.0000 1.0000 0.0000 -0.7071 -0.7071
3.4960 2.2780 5.7195 0.4292 -1.0000 -1.0000 1.0000 0.0000 -0.7071 -0.7071
4.6075 1.7228 5.9192 0.4684 -1.0000 1.0000 1.0000 0.7071 0.0000 0.7071
2.6188 0.9217 2.8402 0.4105 -1.0000 -1.0000 1.0000 0.7071 0.0000 0.7071
5.1733 1.4193 0.0700 0.4986 -1.0000 1.0000 1.0000 0.0000 0.7071 -0.7071
5.2320 1.3389 0.7443 0.4880 -1.0000 -1.0000 1.0000 0.0000 -0.7071 -0.7071
1.7730 0.8203 0.8323 0.4339 -1.0000 1.0000 1.0000 0.0000 0.7071 -0.7071
2.6251 0.6701 2.6889 0.4371 -1.0000 -1.0000 1.0000 0.0000 -0.7071 -0.7071
0.8153 1.9704 0.9652 0.3904 1.0000 1.0000 1.0000 0.0000 0.7071 -0.7071
4.0563 2.4684 4.9710 0.3887 1.0000 1.0000 1.0000 0.7071 -0.7071 0.0000
4.7552 2.3345 2.4378 0.3634 -1.0000 -1.0000 1.0000 0.7071 0.0000 0.7071
1.6701 2.2095 0.4357 0.4771 -1.0000 1.0000 1.0000 0.7071 0.0000 0.7071
5.2901 0.4715 0.4707 0.4244 1.0000 1.0000 1.0000 -0.7071 0.0000 0.7071
1.5189 2.3711 1.1977 0.4335 1.0000 -1.0000 1.0000 0.0000 -0.7071 -0.7071
4.9048 0.7628 3.3240 0.4162 -1.0000 1.0000 1.0000 0.7071 0.0000 0.7071
2.4213 0.9246 0.4172 0.4872 -1.0000 1.0000 1.0000 -0.7071 -0.7071 0.0000
0.3986 1.8432 2.2885 0.4254 1.0000 1.0000 1.0000 0.0000 0.7071 -0.7071
1.2868 1.6510 4.5571 0.4844 1.0000 1.0000 1.0000 -0.7071 0.0000 0.7071
1.2612 0.9067 5.3393 0.4521 1.0000 1.0000 1.0000 0.0000 0.7071 -0.7071
0.2386 1.3400 6.0266 0.4636 1.0000 -1.0000 1.0000 0.7071 0.7071 0.0000
3.0789 0.7058 1.6039 0.4242 1.0000 1.0000 1.0000 0.7071 -0.7071 0.0000
5.7489 0.6596 5.9707 0.4238 1.0000 1.0000 1.0000 -0.7071 0.0000 0.7071
3.5760 1.9657 5.6660 0.3904 -1.0000 -1.0000 1.0000 0.0000 -0.7071 -0.7071
3.2668 1.2403 5.7860 0.4990 -1.0000 -1.0000 1.0000 0.7071 0.0000 0.7071
1.7576 1.6338 5.9207 0.4715 -1.0000 1.0000 1.0000 0.0000 0.7071 -0.7071
3.0505 2.1800 0.0333 0.4379 1.0000 -1.0000 1.0000 -0.7071 0.0000 0.7071
1.1832 0.1819 4.3334 0.4374 -1.0000 -1.0000 1.0000 0.7071 0.0000 0.7071
0.3151 0.8571 5.4755 0.4731 -1.0000 -1.0000 1.0000 0.7071 0.0000 0.7071
4.5756 1.1102 0.6346 0.4968 1.0000 -1.0000 1.0000 -0.7071 0.0000 0.7071
3.8053 1.6609 4.9189 0.4680 -1.0000 1.0000 1.0000 -0.7071 -0.7071 0.0000
1.1705 1.8897 5.1654 0.4965 1.0000 1.0000 1.0000 -0.7071 0.0000 0.7071
0.7115 1.0843 5.6301 0.4703 1.0000 -1.0000 1.0000 0.7071 0.7071 0.0000
1.1176 0.7933 1.0973 0.4056 1.0000 -1.0000 1.0000 0.7071 0.7071 0.0000
4.1536 2.0786 5.2402 0.4464 1.0000 1.0000 1.0000 -0.7071 0.0000 0.7071
4.9245 0.9058 5.2849 0.4176 -1.0000 -1.0000 1.0000 0.7071 0.0000 0.7071
3.4549 0.4103 2.4851 0.4967 1.0000 1.0000 1.0000 -0.7071 0.0000 0.7071
5.2574 1.3012 3.4263 0.4809 1.0000 -1.0000 1.0000 0.0000 -0.7071 -0.7071
1.4219 0.9546 2.0568 0.4796 -1.0000 -1.0000 1.0000 0.0000 -0.7071 -0.7071
0.5298 1.0203 4.1305 0.4769 1.0000 1.0000 1.0000 0.7071 -0.7071 0.0000
5.9890 0.6193 3.1226 0.4751 -1.0000 -1.0000 1.0000 0.7071 0.0000 0.7071
0.6557 1.8301 1.0762 0.3245 -1.0000 -1.0000 1.0000 -0.7071 0.7071 0.0000
5.4872 2.1878 4.1712 0.4643 -1.0000 -1.0000 1.0000 -0.7071 0.7071 0.0000
